293.15	9.824311733245840E-01	1.756882667541600E-02
293.15	9.823496937751770E-01	1.765030622482300E-02
293.15	9.822682142257690E-01	1.773178577423100E-02
293.15	9.821867346763610E-01	1.781326532363900E-02
293.15	9.821052551269530E-01	1.789474487304700E-02
293.15	9.820237755775450E-01	1.797622442245490E-02
293.15	9.819422960281370E-01	1.805770397186300E-02
293.15	9.818608164787290E-01	1.813918352127100E-02
293.15	9.817793369293210E-01	1.822066307067900E-02
293.15	9.816978573799130E-01	1.830214262008700E-02
293.15	9.816163778305050E-01	1.838362216949500E-02
293.15	9.815348982810970E-01	1.846510171890300E-02
293.15	9.814534783363340E-01	1.854652166366600E-02
293.15	9.813719987869260E-01	1.862800121307400E-02
293.15	9.812905192375180E-01	1.870948076248200E-02
293.15	9.812090396881100E-01	1.879096031189000E-02
293.15	9.811275601387020E-01	1.887243986129810E-02
293.15	9.810460805892940E-01	1.895391941070600E-02
293.15	9.809646010398860E-01	1.903539896011400E-02
293.15	9.808831214904780E-01	1.911687850952200E-02
293.15	9.808016419410700E-01	1.919835805893000E-02
293.15	9.807201623916620E-01	1.927983760833800E-02
293.15	9.806386828422540E-01	1.936131715774600E-02
293.15	9.805572032928460E-01	1.944279670715400E-02
293.15	9.804757237434380E-01	1.952427625656190E-02
293.15	9.803942441940300E-01	1.960575580597000E-02
293.15	9.803127646446220E-01	1.968723535537800E-02
293.15	9.802312850952140E-01	1.976871490478600E-02
293.15	9.801498055458060E-01	1.985019445419400E-02
293.15	9.800683259963980E-01	1.993167400360200E-02
293.15	9.799868464469900E-01	2.001315355301000E-02
293.15	9.799053668975830E-01	2.009463310241700E-02
293.15	9.798238873481750E-01	2.017611265182500E-02
293.15	9.797424077987670E-01	2.025759220123300E-02
293.15	9.796609282493590E-01	2.033907175064100E-02
293.15	9.795795083045950E-01	2.042049169540510E-02
293.15	9.794980287551870E-01	2.050197124481300E-02
293.15	9.794165492057800E-01	2.058345079422000E-02
293.15	9.793350696563720E-01	2.066493034362800E-02
293.15	9.792535901069640E-01	2.074640989303600E-02
293.15	9.791721105575560E-01	2.082788944244400E-02
293.15	9.790906310081480E-01	2.090936899185200E-02
293.15	9.790091514587400E-01	2.099084854126000E-02
293.15	9.789276719093320E-01	2.107232809066790E-02
293.15	9.788461923599240E-01	2.115380764007600E-02
293.15	9.787647128105160E-01	2.123528718948400E-02
293.15	9.786832332611080E-01	2.131676673889200E-02
293.15	9.786017537117000E-01	2.139824628830000E-02
293.15	9.785202741622920E-01	2.147972583770800E-02
293.15	9.784387946128840E-01	2.156120538711600E-02
293.15	9.783573150634760E-01	2.164268493652400E-02
293.15	9.782758355140680E-01	2.172416448593200E-02
293.15	9.781943559646600E-01	2.180564403534000E-02
293.15	9.781128764152520E-01	2.188712358474800E-02
293.15	9.780313968658440E-01	2.196860313415610E-02
293.15	9.779499173164360E-01	2.205008268356400E-02
293.15	9.777865409851070E-01	2.221345901489300E-02
293.15	9.775207042694090E-01	2.247929573059100E-02
293.15	9.772548675537100E-01	2.274513244629000E-02
293.15	9.769890904426570E-01	2.301090955734300E-02
293.15	9.767232537269590E-01	2.327674627304100E-02
293.15	9.764574170112600E-01	2.354258298874000E-02
293.15	9.761915802955620E-01	2.380841970443800E-02
293.15	9.759257435798640E-01	2.407425642013610E-02
293.15	9.756599664688110E-01	2.434003353118900E-02
293.15	9.753941297531120E-01	2.460587024688800E-02
293.15	9.751282930374140E-01	2.487170696258600E-02
293.15	9.748624563217160E-01	2.513754367828400E-02
293.15	9.745966792106620E-01	2.540332078933800E-02
293.15	9.743308424949640E-01	2.566915750503600E-02
293.15	9.740650057792660E-01	2.593499422073400E-02
293.15	9.737991690635680E-01	2.620083093643200E-02
293.15	9.735333919525140E-01	2.646660804748600E-02
293.15	9.732675552368160E-01	2.673244476318400E-02
293.15	9.730017185211180E-01	2.699828147888190E-02
293.15	9.727358818054190E-01	2.726411819458100E-02
293.15	9.724700450897210E-01	2.752995491027900E-02
293.15	9.722042679786680E-01	2.779573202133200E-02
293.15	9.719384312629690E-01	2.806156873703100E-02
293.15	9.716725945472710E-01	2.832740545272900E-02
293.15	9.714067578315730E-01	2.859324216842700E-02
293.15	9.711409807205200E-01	2.885901927948000E-02
293.15	9.708751440048210E-01	2.912485599517900E-02
293.15	9.706093072891230E-01	2.939069271087700E-02
293.15	9.703434705734250E-01	2.965652942657500E-02
293.15	9.700776934623710E-01	2.992230653762900E-02
293.15	9.698118567466730E-01	3.018814325332700E-02
293.15	9.695460200309750E-01	3.045397996902500E-02
293.15	9.692801833152770E-01	3.071981668472300E-02
293.15	9.690143465995780E-01	3.098565340042200E-02
293.15	9.687485694885250E-01	3.125143051147510E-02
293.15	9.684827327728270E-01	3.151726722717300E-02
293.15	9.682168960571280E-01	3.178310394287200E-02
293.15	9.679510593414300E-01	3.204894065857000E-02
293.15	9.676852822303770E-01	3.231471776962300E-02
293.15	9.674194455146780E-01	3.258055448532200E-02
293.15	9.671536087989800E-01	3.284639120102000E-02
293.15	9.668877720832820E-01	3.311222791671800E-02
293.15	9.666219949722290E-01	3.337800502777100E-02
293.15	9.663561582565300E-01	3.364384174347000E-02
293.15	9.660903215408320E-01	3.390967845916800E-02
293.15	9.658244848251340E-01	3.417551517486590E-02
293.15	9.655586481094360E-01	3.444135189056400E-02
293.15	9.652928709983820E-01	3.470712900161800E-02
293.15	9.650270342826840E-01	3.497296571731600E-02
293.15	9.647611975669860E-01	3.523880243301400E-02
293.15	9.644953608512870E-01	3.550463914871300E-02
293.15	9.642295837402340E-01	3.577041625976600E-02
293.15	9.639637470245360E-01	3.603625297546400E-02
293.15	9.636979103088370E-01	3.630208969116300E-02
293.15	9.634320735931390E-01	3.656792640686100E-02
293.15	9.631662964820860E-01	3.683370351791400E-02
293.15	9.626884460449210E-01	3.731155395507900E-02
293.15	9.621840715408320E-01	3.781592845916800E-02
293.15	9.616797566413870E-01	3.832024335861290E-02
293.15	9.611753821372980E-01	3.882461786270200E-02
293.15	9.606710672378540E-01	3.932893276214600E-02
293.15	9.601666927337640E-01	3.983330726623600E-02
293.15	9.596623778343200E-01	4.033762216568000E-02
293.15	9.591580629348750E-01	4.084193706512500E-02
293.15	9.586536884307860E-01	4.134631156921400E-02
293.15	9.581493735313410E-01	4.185062646865900E-02
293.15	9.576449990272520E-01	4.235500097274800E-02
293.15	9.571406841278070E-01	4.285931587219300E-02
293.15	9.566363096237180E-01	4.336369037628200E-02
293.15	9.561319947242730E-01	4.386800527572700E-02
293.15	9.556276202201840E-01	4.437237977981600E-02
293.15	9.551233053207390E-01	4.487669467926100E-02
293.15	9.546189308166500E-01	4.538106918335010E-02
293.15	9.541146159172050E-01	4.588538408279500E-02
293.15	9.536102414131160E-01	4.638975858688400E-02
293.15	9.531059265136710E-01	4.689407348632900E-02
293.15	9.526016116142270E-01	4.739838838577300E-02
293.15	9.520972371101370E-01	4.790276288986290E-02
293.15	9.515929222106930E-01	4.840707778930700E-02
293.15	9.510885477066040E-01	4.891145229339600E-02
293.15	9.505842328071590E-01	4.941576719284100E-02
293.15	9.500798583030700E-01	4.992014169693000E-02
293.15	9.495755434036250E-01	5.042445659637500E-02
293.15	9.490711688995360E-01	5.092883110046400E-02
293.15	9.485668540000910E-01	5.143314599990900E-02
293.15	9.480624794960020E-01	5.193752050399800E-02
293.15	9.475581645965570E-01	5.244183540344300E-02
293.15	9.470538496971130E-01	5.294615030288700E-02
293.15	9.465494751930230E-01	5.345052480697700E-02
293.15	9.460451602935790E-01	5.395483970642100E-02
293.15	9.455407857894890E-01	5.445921421051100E-02
293.15	9.450364708900450E-01	5.496352910995490E-02
293.15	9.445320963859550E-01	5.546790361404500E-02
293.15	9.440277814865110E-01	5.597221851348900E-02
293.15	9.435234069824210E-01	5.647659301757900E-02
293.15	9.430190920829770E-01	5.698090791702300E-02
293.15	9.425147175788870E-01	5.748528242111290E-02
293.15	9.420104026794430E-01	5.798959732055700E-02
293.15	9.415060877799980E-01	5.849391222000200E-02
293.15	9.410017132759090E-01	5.899828672409100E-02
293.15	9.404973983764640E-01	5.950260162353600E-02
293.15	9.399930238723750E-01	6.000697612762500E-02
293.15	9.394887089729300E-01	6.051129102707000E-02
293.15	9.389843344688410E-01	6.101566553115900E-02
293.15	9.384800195693960E-01	6.151998043060400E-02
293.15	9.379756450653070E-01	6.202435493469300E-02
293.15	9.374713301658630E-01	6.252866983413700E-02
293.15	9.369669556617730E-01	6.303304433822700E-02
293.15	9.364626407623290E-01	6.353735923767100E-02
293.15	9.359583258628840E-01	6.404167413711600E-02
293.15	9.354539513587950E-01	6.454604864120490E-02
293.15	9.348458647727960E-01	6.515413522720400E-02
293.15	9.340302348136900E-01	6.596976518631000E-02
293.15	9.332146644592280E-01	6.678533554077200E-02
293.15	9.323990345001220E-01	6.760096549987800E-02
293.15	9.315834045410150E-01	6.841659545898500E-02
293.15	9.307677745819090E-01	6.923222541809100E-02
293.15	9.299522042274470E-01	7.004779577255300E-02
293.15	9.291365742683410E-01	7.086342573165900E-02
293.15	9.283210039138790E-01	7.167899608612100E-02
293.15	9.275053739547720E-01	7.249462604522800E-02
293.15	9.266897439956660E-01	7.331025600433410E-02
293.15	9.258741736412040E-01	7.412582635879610E-02
293.15	9.250585436820980E-01	7.494145631790210E-02
293.15	9.242429137229910E-01	7.575708627700890E-02
293.15	9.234272837638850E-01	7.657271623611490E-02
293.15	9.226117134094230E-01	7.738828659057690E-02
293.15	9.217960834503170E-01	7.820391654968300E-02
293.15	9.209804534912100E-01	7.901954650879000E-02
293.15	9.201648831367490E-01	7.983511686325100E-02
293.15	9.193492531776420E-01	8.065074682235800E-02
293.15	9.185336232185360E-01	8.146637678146400E-02
293.15	9.177180528640740E-01	8.228194713592600E-02
293.15	9.169024229049680E-01	8.309757709503200E-02
293.15	9.160868525505060E-01	8.391314744949400E-02
293.15	9.152712225914000E-01	8.472877740860000E-02
293.15	9.144555926322930E-01	8.554440736770700E-02
293.15	9.136399626731870E-01	8.636003732681300E-02
293.15	9.128243923187250E-01	8.717560768127500E-02
293.15	9.120087623596190E-01	8.799123764038100E-02
293.15	9.111931324005120E-01	8.880686759948800E-02
293.15	9.103775620460510E-01	8.962243795394900E-02
293.15	9.095619320869440E-01	9.043806791305600E-02
293.15	9.087463021278380E-01	9.125369787216200E-02
293.15	9.079307317733760E-01	9.206926822662400E-02
293.15	9.071151018142700E-01	9.288489818573000E-02
293.15	9.062994718551630E-01	9.370052814483700E-02
293.15	9.054839015007010E-01	9.451609849929900E-02
293.15	9.046682715415950E-01	9.533172845840500E-02
293.15	9.038526415824890E-01	9.614735841751100E-02
293.15	9.030370712280270E-01	9.696292877197300E-02
293.15	9.022214412689200E-01	9.777855873108000E-02
293.15	9.014058113098140E-01	9.859418869018600E-02
293.15	9.005902409553520E-01	9.940975904464800E-02
293.15	8.997746109962460E-01	1.002253890037540E-01
293.15	8.989589810371390E-01	1.010410189628610E-01
293.15	8.981434106826780E-01	1.018565893173220E-01
293.15	8.973277807235710E-01	1.026722192764290E-01
293.15	8.965121507644650E-01	1.034878492355350E-01
293.15	8.956965208053580E-01	1.043034791946420E-01
293.15	8.948809504508970E-01	1.051190495491030E-01
293.15	8.940653204917900E-01	1.059346795082100E-01
293.15	8.932497501373290E-01	1.067502498626710E-01
293.15	8.924341201782220E-01	1.075658798217780E-01
293.15	8.916184902191160E-01	1.083815097808840E-01
293.15	8.908029198646540E-01	1.091970801353460E-01
293.15	8.899872899055480E-01	1.100127100944520E-01
293.15	8.888849616050720E-01	1.111150383949280E-01
293.15	8.877006769180290E-01	1.122993230819710E-01
293.15	8.865163326263420E-01	1.134836673736580E-01
293.15	8.853321075439450E-01	1.146678924560550E-01
293.15	8.841478228569030E-01	1.158521771430970E-01
293.15	8.829635381698600E-01	1.170364618301400E-01
293.15	8.817792534828180E-01	1.182207465171820E-01
293.15	8.805949687957760E-01	1.194050312042240E-01
293.15	8.794106841087340E-01	1.205893158912660E-01
293.15	8.782263994216910E-01	1.217736005783090E-01
293.15	8.770421147346490E-01	1.229578852653510E-01
293.15	8.758578300476070E-01	1.241421699523930E-01
293.15	8.746735453605650E-01	1.253264546394350E-01
293.15	8.734892606735220E-01	1.265107393264780E-01
293.15	8.723049759864800E-01	1.276950240135200E-01
293.15	8.711206912994380E-01	1.288793087005620E-01
293.15	8.699364066123960E-01	1.300635933876040E-01
293.15	8.687521219253540E-01	1.312478780746460E-01
293.15	8.675678968429560E-01	1.324321031570440E-01
293.15	8.663836121559140E-01	1.336163878440860E-01
293.15	8.651993274688720E-01	1.348006725311280E-01
293.15	8.640150427818290E-01	1.359849572181710E-01
293.15	8.628307580947870E-01	1.371692419052130E-01
293.15	8.616464734077450E-01	1.383535265922550E-01
293.15	8.604621887207030E-01	1.395378112792970E-01
293.15	8.592779040336600E-01	1.407220959663400E-01
293.15	8.580936193466180E-01	1.419063806533820E-01
293.15	8.569093346595760E-01	1.430906653404240E-01
293.15	8.557250499725340E-01	1.442749500274660E-01
293.15	8.545407652854910E-01	1.454592347145090E-01
293.15	8.533564805984490E-01	1.466435194015510E-01
293.15	8.521721959114070E-01	1.478278040885930E-01
293.15	8.509879112243650E-01	1.490120887756350E-01
293.15	8.498036861419670E-01	1.501963138580330E-01
293.15	8.486194014549250E-01	1.513805985450750E-01
293.15	8.474350571632380E-01	1.525649428367620E-01
293.15	8.462507724761960E-01	1.537492275238040E-01
293.15	8.450665473937980E-01	1.549334526062020E-01
293.15	8.438822627067560E-01	1.561177372932440E-01
293.15	8.426979780197140E-01	1.573020219802860E-01
293.15	8.415136933326720E-01	1.584863066673280E-01
293.15	8.403294086456290E-01	1.596705913543710E-01
293.15	8.391451239585870E-01	1.608548760414130E-01
293.15	8.379608392715450E-01	1.620391607284550E-01
293.15	8.367765545845030E-01	1.632234454154970E-01
293.15	8.355922698974600E-01	1.644077301025400E-01
293.15	8.344079852104180E-01	1.655920147895820E-01
293.15	8.332237005233760E-01	1.667762994766240E-01
293.15	8.320394158363340E-01	1.679605841636660E-01
293.15	8.308551311492910E-01	1.691448688507090E-01
293.15	8.296708464622490E-01	1.703291535377510E-01
293.15	8.284865617752070E-01	1.715134382247930E-01
293.15	8.273023366928100E-01	1.726976633071900E-01
293.15	8.261180520057670E-01	1.738819479942330E-01
293.15	8.249337673187250E-01	1.750662326812750E-01
293.15	8.236668705940240E-01	1.763331294059760E-01
293.15	8.221109509468070E-01	1.778890490531930E-01
293.15	8.205549716949460E-01	1.794450283050540E-01
293.15	8.189989924430840E-01	1.810010075569160E-01
293.15	8.174430727958670E-01	1.825569272041330E-01
293.15	8.158871531486510E-01	1.841128468513490E-01
293.15	8.143311738967890E-01	1.856688261032110E-01
293.15	8.127752542495720E-01	1.872247457504280E-01
293.15	8.112192749977110E-01	1.887807250022890E-01
293.15	8.096633553504940E-01	1.903366446495060E-01
293.15	8.081073760986320E-01	1.918926239013680E-01
293.15	8.065514564514160E-01	1.934485435485840E-01
293.15	8.049955368041990E-01	1.950044631958010E-01
293.15	8.034395575523370E-01	1.965604424476630E-01
293.15	8.018835783004760E-01	1.981164216995240E-01
293.15	8.003276586532590E-01	1.996723413467410E-01
293.15	7.987716794013970E-01	2.012283205986030E-01
293.15	7.972157597541800E-01	2.027842402458200E-01
293.15	7.956598401069640E-01	2.043401598930360E-01
293.15	7.941038608551020E-01	2.058961391448980E-01
293.15	7.925479412078850E-01	2.074520587921150E-01
293.15	7.909919619560240E-01	2.090080380439760E-01
293.15	7.894360423088070E-01	2.105639576911930E-01
293.15	7.878800630569450E-01	2.121199369430550E-01
293.15	7.863240838050840E-01	2.136759161949160E-01
293.15	7.847681641578670E-01	2.152318358421330E-01
293.15	7.832122445106500E-01	2.167877554893500E-01
293.15	7.816562652587890E-01	2.183437347412110E-01
293.15	7.801003456115720E-01	2.198996543884280E-01
293.15	7.785443663597100E-01	2.214556336402900E-01
293.15	7.769884467124930E-01	2.230115532875070E-01
293.15	7.754324674606320E-01	2.245675325393680E-01
293.15	7.738765478134150E-01	2.261234521865850E-01
293.15	7.723206281661980E-01	2.276793718338020E-01
293.15	7.707646489143370E-01	2.292353510856630E-01
293.15	7.692086696624750E-01	2.307913303375250E-01
293.15	7.676527500152580E-01	2.323472499847420E-01
293.15	7.660967707633970E-01	2.339032292366030E-01
293.15	7.645408511161800E-01	2.354591488838200E-01
293.15	7.629848718643180E-01	2.370151281356820E-01
293.15	7.614289522171020E-01	2.385710477828980E-01
293.15	7.598730325698850E-01	2.401269674301150E-01
293.15	7.583170533180230E-01	2.416829466819770E-01
293.15	7.567611336708060E-01	2.432388663291940E-01
293.15	7.552051544189450E-01	2.447948455810550E-01
293.15	7.536492347717280E-01	2.463507652282720E-01
293.15	7.520932555198660E-01	2.479067444801340E-01
293.15	7.505373358726500E-01	2.494626641273500E-01
293.15	7.489813566207880E-01	2.510186433792120E-01
293.15	7.474254369735710E-01	2.525745630264290E-01
293.15	7.458694577217100E-01	2.541305422782900E-01
293.15	7.443134784698480E-01	2.556865215301520E-01
293.15	7.427575588226310E-01	2.572424411773690E-01
293.15	7.412015795707700E-01	2.587984204292300E-01
293.15	7.396457195281980E-01	2.603542804718020E-01
293.15	7.380897402763360E-01	2.619102597236640E-01
293.15	7.363367080688470E-01	2.636632919311530E-01
293.15	7.344850897789000E-01	2.655149102211000E-01
293.15	7.326335310935970E-01	2.673664689064030E-01
293.15	7.307819128036490E-01	2.692180871963510E-01
293.15	7.289303541183470E-01	2.710696458816530E-01
293.15	7.270787358283990E-01	2.729212641716010E-01
293.15	7.252271175384520E-01	2.747728824615480E-01
293.15	7.233756184577940E-01	2.766243815422060E-01
293.15	7.215240001678460E-01	2.784759998321540E-01
293.15	7.196724414825430E-01	2.803275585174570E-01
293.15	7.178208231925960E-01	2.821791768074040E-01
293.15	7.159692645072930E-01	2.840307354927070E-01
293.15	7.141176462173460E-01	2.858823537826540E-01
293.15	7.122660875320430E-01	2.877339124679570E-01
293.15	7.104144692420950E-01	2.895855307579050E-01
293.15	7.085629105567930E-01	2.914370894432070E-01
293.15	7.067112922668450E-01	2.932887077331550E-01
293.15	7.048596739768980E-01	2.951403260231020E-01
293.15	7.030081152915950E-01	2.969918847084050E-01
293.15	7.011564970016470E-01	2.988435029983530E-01
293.15	6.993049979209890E-01	3.006950020790110E-01
293.15	6.974533796310420E-01	3.025466203689580E-01
293.15	6.956018209457390E-01	3.043981790542610E-01
293.15	6.937502026557920E-01	3.062497973442080E-01
293.15	6.918986439704890E-01	3.081013560295110E-01
293.15	6.900470256805410E-01	3.099529743194590E-01
293.15	6.881954669952390E-01	3.118045330047610E-01
293.15	6.863438487052910E-01	3.136561512947090E-01
293.15	6.844922304153440E-01	3.155077695846560E-01
293.15	6.826406717300410E-01	3.173593282699590E-01
293.15	6.807890534400930E-01	3.192109465599070E-01
293.15	6.789374947547910E-01	3.210625052452090E-01
293.15	6.770858764648430E-01	3.229141235351570E-01
293.15	6.752343773841850E-01	3.247656226158150E-01
293.15	6.733827590942380E-01	3.266172409057620E-01
293.15	6.715312004089350E-01	3.284687995910650E-01
293.15	6.696795821189880E-01	3.303204178810120E-01
293.15	6.678280234336850E-01	3.321719765663150E-01
293.15	6.659764051437370E-01	3.340235948562630E-01
293.15	6.641247868537900E-01	3.358752131462100E-01
293.15	6.622732281684870E-01	3.377267718315130E-01
293.15	6.604216098785400E-01	3.395783901214600E-01
293.15	6.585700511932370E-01	3.414299488067630E-01
293.15	6.567184329032890E-01	3.432815670967110E-01
293.15	6.548668742179870E-01	3.451331257820130E-01
293.15	6.530152559280390E-01	3.469847440719610E-01
293.15	6.511636972427360E-01	3.488363027572640E-01
293.15	6.493120789527890E-01	3.506879210472110E-01
293.15	6.474605798721310E-01	3.525394201278690E-01
293.15	6.456089615821830E-01	3.543910384178170E-01
293.15	6.437573432922360E-01	3.562426567077640E-01
293.15	6.419057846069330E-01	3.580942153930670E-01
293.15	6.400541663169860E-01	3.599458336830140E-01
293.15	6.382026076316830E-01	3.617973923683170E-01
293.15	6.363509893417350E-01	3.636490106582650E-01
293.15	6.344825029373160E-01	3.655174970626840E-01
293.15	6.324787139892570E-01	3.675212860107430E-01
293.15	6.304749846458430E-01	3.695250153541570E-01
293.15	6.284711360931390E-01	3.715288639068610E-01
293.15	6.264674067497250E-01	3.735325932502750E-01
293.15	6.244635581970210E-01	3.755364418029790E-01
293.15	6.224597692489620E-01	3.775402307510380E-01
293.15	6.204560399055480E-01	3.795439600944520E-01
293.15	6.184521913528440E-01	3.815478086471560E-01
293.15	6.164484620094290E-01	3.835515379905710E-01
293.15	6.144446134567260E-01	3.855553865432740E-01
293.15	6.124408841133110E-01	3.875591158866890E-01
293.15	6.104370951652520E-01	3.895629048347480E-01
293.15	6.084333062171930E-01	3.915666937828070E-01
293.15	6.064295172691340E-01	3.935704827308660E-01
293.15	6.044257879257200E-01	3.955742120742800E-01
293.15	6.024219393730160E-01	3.975780606269840E-01
293.15	6.004181504249570E-01	3.995818495750430E-01
293.15	5.984143614768980E-01	4.015856385231020E-01
293.15	5.964105725288390E-01	4.035894274711610E-01
293.15	5.944068431854240E-01	4.055931568145760E-01
293.15	5.924029946327200E-01	4.075970053672800E-01
293.15	5.903992652893060E-01	4.096007347106940E-01
293.15	5.883954167366020E-01	4.116045832633980E-01
293.15	5.863916873931880E-01	4.136083126068120E-01
293.15	5.843878984451290E-01	4.156121015548710E-01
293.15	5.823841094970700E-01	4.176158905029300E-01
293.15	5.803803205490110E-01	4.196196794509890E-01
293.15	5.783764719963070E-01	4.216235280036930E-01
293.15	5.763727426528930E-01	4.236272573471070E-01
293.15	5.743689537048330E-01	4.256310462951670E-01
293.15	5.723651647567740E-01	4.276348352432260E-01
293.15	5.703613758087150E-01	4.296386241912850E-01
293.15	5.683576464653010E-01	4.316423535346990E-01
293.15	5.663537979125970E-01	4.336462020874030E-01
293.15	5.643500685691830E-01	4.356499314308170E-01
293.15	5.623462200164790E-01	4.376537799835210E-01
293.15	5.603424906730650E-01	4.396575093269350E-01
293.15	5.583387017250060E-01	4.416612982749940E-01
293.15	5.563348531723020E-01	4.436651468276980E-01
293.15	5.543311238288870E-01	4.456688761711130E-01
293.15	5.523272752761840E-01	4.476727247238160E-01
293.15	5.503235459327690E-01	4.496764540672310E-01
293.15	5.483197569847100E-01	4.516802430152900E-01
293.15	5.463159680366510E-01	4.536840319633490E-01
293.15	5.443121790885920E-01	4.556878209114080E-01
293.15	5.423084497451780E-01	4.576915502548220E-01
293.15	5.403046011924740E-01	4.596953988075260E-01
293.15	5.383008718490600E-01	4.616991281509400E-01
293.15	5.362970232963560E-01	4.637029767036440E-01
293.15	5.342932343482970E-01	4.657067656517030E-01
293.15	5.322894454002380E-01	4.677105545997620E-01
293.15	5.302856564521780E-01	4.697143435478220E-01
293.15	5.282819271087640E-01	4.717180728912360E-01
293.15	5.262780785560600E-01	4.737219214439400E-01
293.15	5.242743492126460E-01	4.757256507873540E-01
293.15	5.222795009613030E-01	4.777204990386970E-01
293.15	5.202919244766230E-01	4.797080755233770E-01
293.15	5.183042883872980E-01	4.816957116127020E-01
293.15	5.163167119026180E-01	4.836832880973820E-01
293.15	5.143290162086480E-01	4.856709837913520E-01
293.15	5.123413801193230E-01	4.876586198806770E-01
293.15	5.103538036346430E-01	4.896461963653570E-01
293.15	5.083661675453180E-01	4.916338324546820E-01
293.15	5.063785910606380E-01	4.936214089393620E-01
293.15	5.043908953666680E-01	4.956091046333320E-01
293.15	5.024033188819880E-01	4.975966811180120E-01
293.15	5.004156827926630E-01	4.995843172073370E-01
293.15	4.984281063079830E-01	5.015718936920170E-01
293.15	4.964404404163360E-01	5.035595595836630E-01
293.15	4.944528639316550E-01	5.055471360683450E-01
293.15	4.924652278423300E-01	5.075347721576700E-01
293.15	4.904775619506830E-01	5.095224380493170E-01
293.15	4.884899854660030E-01	5.115100145339970E-01
293.15	4.865023195743560E-01	5.134976804256430E-01
293.15	4.845147430896750E-01	5.154852569103250E-01
293.15	4.825270771980280E-01	5.174729228019720E-01
293.15	4.805395007133480E-01	5.194604992866520E-01
293.15	4.785518646240230E-01	5.214481353759770E-01
293.15	4.765642881393430E-01	5.234357118606570E-01
293.15	4.745766222476950E-01	5.254233777523050E-01
293.15	4.725890457630150E-01	5.274109542369850E-01
293.15	4.706013798713680E-01	5.293986201286320E-01
293.15	4.686137437820430E-01	5.313862562179570E-01
293.15	4.666261672973630E-01	5.333738327026370E-01
293.15	4.646385014057150E-01	5.353614985942850E-01
293.15	4.626509249210350E-01	5.373490750789650E-01
293.15	4.606632590293880E-01	5.393367409706120E-01
293.15	4.586756825447080E-01	5.413243174552920E-01
293.15	4.566880464553830E-01	5.433119535446170E-01
293.15	4.547004401683800E-01	5.452995598316200E-01
293.15	4.527128040790550E-01	5.472871959209450E-01
293.15	4.507252275943750E-01	5.492747724056250E-01
293.15	4.487375617027280E-01	5.512624382972720E-01
293.15	4.467498958110800E-01	5.532501041889200E-01
293.15	4.447623193264000E-01	5.552376806736000E-01
293.15	4.427746832370750E-01	5.572253167629250E-01
293.15	4.407871067523950E-01	5.592128932476050E-01
293.15	4.387994408607480E-01	5.612005591392520E-01
293.15	4.368118643760680E-01	5.631881356239320E-01
293.15	4.348241984844200E-01	5.651758015155800E-01
293.15	4.328366219997400E-01	5.671633780002600E-01
293.15	4.308489859104150E-01	5.691510140895850E-01
293.15	4.288613796234130E-01	5.711386203765870E-01
293.15	4.268737435340880E-01	5.731262564659120E-01
293.15	4.248860776424400E-01	5.751139223575600E-01
293.15	4.228985011577600E-01	5.771014988422400E-01
293.15	4.209108352661130E-01	5.790891647338870E-01
293.15	4.189232587814330E-01	5.810767412185670E-01
293.15	4.169356226921080E-01	5.830643773078920E-01
293.15	4.149480462074270E-01	5.850519537925730E-01
293.15	4.129603803157800E-01	5.870396196842200E-01
293.15	4.111368656158440E-01	5.888631343841560E-01
293.15	4.093132615089410E-01	5.906867384910590E-01
293.15	4.074897468090050E-01	5.925102531909950E-01
293.15	4.056661427021020E-01	5.943338572978980E-01
293.15	4.038425385951990E-01	5.961574614048010E-01
293.15	4.020190238952630E-01	5.979809761047370E-01
293.15	4.001954197883600E-01	5.998045802116400E-01
293.15	3.983719050884240E-01	6.016280949115760E-01
293.15	3.965483009815210E-01	6.034516990184790E-01
293.15	3.947247862815850E-01	6.052752137184150E-01
293.15	3.929011821746820E-01	6.070988178253180E-01
293.15	3.910776376724240E-01	6.089223623275760E-01
293.15	3.892540633678430E-01	6.107459366321570E-01
293.15	3.874305188655850E-01	6.125694811344150E-01
293.15	3.856069445610040E-01	6.143930554389960E-01
293.15	3.837833404541010E-01	6.162166595458990E-01
293.15	3.819598257541650E-01	6.180401742458350E-01
293.15	3.801362216472620E-01	6.198637783527380E-01
293.15	3.783127069473260E-01	6.216872930526740E-01
293.15	3.764891028404230E-01	6.235108971595770E-01
293.15	3.746655583381650E-01	6.253344416618350E-01
293.15	3.728419840335840E-01	6.271580159664160E-01
293.15	3.710184395313260E-01	6.289815604686740E-01
293.15	3.691948652267450E-01	6.308051347732550E-01
293.15	3.673713207244870E-01	6.326286792755130E-01
293.15	3.655477464199060E-01	6.344522535800940E-01
293.15	3.637241423130030E-01	6.362758576869970E-01
293.15	3.619006276130670E-01	6.380993723869330E-01
293.15	3.600770235061640E-01	6.399229764938360E-01
293.15	3.582534790039060E-01	6.417465209960940E-01
293.15	3.564299046993250E-01	6.435700953006750E-01
293.15	3.546063601970670E-01	6.453936398029330E-01
293.15	3.527827858924860E-01	6.472172141075140E-01
293.15	3.509592413902280E-01	6.490407586097720E-01
293.15	3.491356670856470E-01	6.508643329143530E-01
293.15	3.473121225833890E-01	6.526878774166110E-01
293.15	3.454885482788080E-01	6.545114517211920E-01
293.15	3.436649441719050E-01	6.563350558280950E-01
293.15	3.418413996696470E-01	6.581586003303530E-01
293.15	3.400178253650660E-01	6.599821746349340E-01
293.15	3.381942808628080E-01	6.618057191371920E-01
293.15	3.363707065582270E-01	6.636292934417730E-01
293.15	3.345471620559690E-01	6.654528379440310E-01
293.15	3.327235877513880E-01	6.672764122486120E-01
293.15	3.309000432491300E-01	6.690999567508700E-01
293.15	3.290764689445490E-01	6.709235310554510E-01
293.15	3.272529244422910E-01	6.727470755577090E-01
293.15	3.254293203353880E-01	6.745706796646120E-01
293.15	3.236057460308070E-01	6.763942539691930E-01
293.15	3.217822015285490E-01	6.782177984714510E-01
293.15	3.199586272239680E-01	6.800413727760320E-01
293.15	3.181350827217100E-01	6.818649172782900E-01
293.15	3.163115084171290E-01	6.836884915828710E-01
293.15	3.144879639148710E-01	6.855120360851290E-01
293.15	3.126643896102900E-01	6.873356103897100E-01
293.15	3.109579980373380E-01	6.890420019626620E-01
293.15	3.093979656696310E-01	6.906020343303690E-01
293.15	3.078380227088920E-01	6.921619772911080E-01
293.15	3.062780201435080E-01	6.937219798564920E-01
293.15	3.047180175781250E-01	6.952819824218750E-01
293.15	3.031580448150630E-01	6.968419551849370E-01
293.15	3.015980422496790E-01	6.984019577503210E-01
293.15	3.000380992889400E-01	6.999619007110600E-01
293.15	2.984780967235560E-01	7.015219032764440E-01
293.15	2.969181239604940E-01	7.030818760395060E-01
293.15	2.953581213951110E-01	7.046418786048890E-01
293.15	2.937981784343710E-01	7.062018215656290E-01
293.15	2.922381460666650E-01	7.077618539333350E-01
293.15	2.906782031059260E-01	7.093217968940740E-01
293.15	2.891182005405420E-01	7.108817994594580E-01
293.15	2.875581979751580E-01	7.124418020248420E-01
293.15	2.859982252120970E-01	7.140017747879030E-01
293.15	2.844382226467130E-01	7.155617773532870E-01
293.15	2.828782796859740E-01	7.171217203140260E-01
293.15	2.813182473182670E-01	7.186817526817330E-01
293.15	2.797583043575280E-01	7.202416956424720E-01
293.15	2.781983017921440E-01	7.218016982078560E-01
293.15	2.766383588314050E-01	7.233616411685950E-01
293.15	2.750783264636990E-01	7.249216735363010E-01
293.15	2.735183835029600E-01	7.264816164970400E-01
293.15	2.719583809375760E-01	7.280416190624240E-01
293.15	2.703983485698690E-01	7.296016514301310E-01
293.15	2.688384056091300E-01	7.311615943908700E-01
293.15	2.672784030437460E-01	7.327215969562540E-01
293.15	2.657184600830070E-01	7.342815399169930E-01
293.15	2.641584277153010E-01	7.358415722846990E-01
293.15	2.625984847545620E-01	7.374015152454380E-01
293.15	2.610384821891780E-01	7.389615178108220E-01
293.15	2.594785094261160E-01	7.405214905738840E-01
293.15	2.579185068607330E-01	7.420814931392660E-01
293.15	2.563585638999930E-01	7.436414361000070E-01
293.15	2.547985613346090E-01	7.452014386653910E-01
293.15	2.532385289669030E-01	7.467614710330970E-01
293.15	2.516785860061640E-01	7.483214139938360E-01
293.15	2.501185834407800E-01	7.498814165592200E-01
293.15	2.485586255788800E-01	7.514413744211200E-01
293.15	2.469986230134960E-01	7.530013769865040E-01
293.15	2.454386651515960E-01	7.545613348484030E-01
293.15	2.438786476850500E-01	7.561213523149500E-01
293.15	2.423187047243110E-01	7.576812952756890E-01
293.15	2.407586872577660E-01	7.592413127422340E-01
293.15	2.391987442970270E-01	7.608012557029730E-01
293.15	2.376387268304820E-01	7.623612731695180E-01
293.15	2.360787242650980E-01	7.639212757349020E-01
293.15	2.345187664031980E-01	7.654812335968020E-01
293.15	2.329587489366530E-01	7.670412510633470E-01
293.15	2.313988059759140E-01	7.686011940240850E-01
293.15	2.298387885093680E-01	7.701612114906320E-01
293.15	2.282788455486290E-01	7.717211544513710E-01
293.15	2.267188280820840E-01	7.732811719179160E-01
293.15	2.251588851213450E-01	7.748411148786550E-01
293.15	2.238717377185820E-01	7.761282622814180E-01
293.15	2.226187586784360E-01	7.773812413215640E-01
293.15	2.213657200336450E-01	7.786342799663550E-01
293.15	2.201126962900160E-01	7.798873037099840E-01
293.15	2.188597172498700E-01	7.811402827501300E-01
293.15	2.176066786050790E-01	7.823933213949210E-01
293.15	2.163536995649330E-01	7.836463004350670E-01
293.15	2.151006758213040E-01	7.848993241786960E-01
293.15	2.138476967811580E-01	7.861523032188420E-01
293.15	2.125946581363670E-01	7.874053418636330E-01
293.15	2.113416790962210E-01	7.886583209037790E-01
293.15	2.100886553525920E-01	7.899113446474080E-01
293.15	2.088356614112850E-01	7.911643385887150E-01
293.15	2.075826376676550E-01	7.924173623323450E-01
293.15	2.063296139240260E-01	7.936703860759740E-01
293.15	2.050765752792350E-01	7.949234247207650E-01
293.15	2.038236409425730E-01	7.961763590574270E-01
293.15	2.025706171989440E-01	7.974293828010560E-01
293.15	2.013175785541530E-01	7.986824214458470E-01
293.15	2.000645548105230E-01	7.999354451894770E-01
293.15	1.988116204738610E-01	8.011883795261390E-01
293.15	1.975585967302320E-01	8.024414032697680E-01
293.15	1.963055580854410E-01	8.036944419145590E-01
293.15	1.950525343418120E-01	8.049474656581880E-01
293.15	1.937995105981820E-01	8.062004894018180E-01
293.15	1.925465613603590E-01	8.074534386396410E-01
293.15	1.912935376167290E-01	8.087064623832710E-01
293.15	1.900405138731000E-01	8.099594861269000E-01
293.15	1.887874752283090E-01	8.112125247716910E-01
293.15	1.875345408916470E-01	8.124654591083530E-01
293.15	1.862815171480170E-01	8.137184828519830E-01
293.15	1.850284934043880E-01	8.149715065956120E-01
293.15	1.837754547595970E-01	8.162245452404030E-01
293.15	1.825225204229350E-01	8.174774795770650E-01
293.15	1.812694966793060E-01	8.187305033206930E-01
293.15	1.800164580345150E-01	8.199835419654850E-01
293.15	1.787634342908850E-01	8.212365657091150E-01
293.15	1.775104105472560E-01	8.224895894527440E-01
293.15	1.762574762105940E-01	8.237425237894060E-01
293.15	1.750044375658030E-01	8.249955624341970E-01
293.15	1.737514138221740E-01	8.262485861778260E-01
293.15	1.724983751773830E-01	8.275016248226170E-01
293.15	1.712454408407210E-01	8.287545591592790E-01
293.15	1.699924170970910E-01	8.300075829029090E-01
293.15	1.687393933534620E-01	8.312606066465380E-01
293.15	1.674863547086710E-01	8.325136452913290E-01
293.15	1.662333309650420E-01	8.337666690349580E-01
293.15	1.649803966283790E-01	8.350196033716210E-01
293.15	1.637273579835890E-01	8.362726420164110E-01
293.15	1.624743342399590E-01	8.375256657600410E-01
293.15	1.612213104963300E-01	8.387786895036700E-01
293.15	1.599683761596670E-01	8.400316238403330E-01
293.15	1.587153375148770E-01	8.412846624851230E-01
293.15	1.574623137712470E-01	8.425376862287530E-01
293.15	1.562092900276180E-01	8.437907099723820E-01
293.15	1.550573557615280E-01	8.449426442384710E-01
293.15	1.541074365377420E-01	8.458925634622580E-01
293.15	1.531575173139570E-01	8.468424826860430E-01
293.15	1.522075980901710E-01	8.477924019098290E-01
293.15	1.512576788663860E-01	8.487423211336140E-01
293.15	1.503078341484060E-01	8.496921658515940E-01
293.15	1.493579149246210E-01	8.506420850753790E-01
293.15	1.484079957008360E-01	8.515920042991640E-01
293.15	1.474580764770500E-01	8.525419235229500E-01
293.15	1.465082317590710E-01	8.534917682409290E-01
293.15	1.455583125352850E-01	8.544416874647150E-01
293.15	1.446083933115000E-01	8.553916066885000E-01
293.15	1.436584740877150E-01	8.563415259122850E-01
293.15	1.427085548639290E-01	8.572914451360710E-01
293.15	1.417587101459500E-01	8.582412898540500E-01
293.15	1.408087909221640E-01	8.591912090778360E-01
293.15	1.398588716983790E-01	8.601411283016210E-01
293.15	1.389089524745940E-01	8.610910475254060E-01
293.15	1.379590928554530E-01	8.620409071445470E-01
293.15	1.370091736316680E-01	8.629908263683320E-01
293.15	1.360592544078820E-01	8.639407455921180E-01
293.15	1.351093351840970E-01	8.648906648159030E-01
293.15	1.341594904661170E-01	8.658405095338830E-01
293.15	1.332095712423320E-01	8.667904287576680E-01
293.15	1.322596520185470E-01	8.677403479814520E-01
293.15	1.313097327947610E-01	8.686902672052390E-01
293.15	1.303598135709760E-01	8.696401864290240E-01
293.15	1.294099688529960E-01	8.705900311470040E-01
293.15	1.284600496292110E-01	8.715399503707890E-01
293.15	1.275101304054260E-01	8.724898695945730E-01
293.15	1.265602111816400E-01	8.734397888183600E-01
293.15	1.256103664636610E-01	8.743896335363390E-01
293.15	1.246604397892950E-01	8.753395602107050E-01
293.15	1.237105205655090E-01	8.762894794344910E-01
293.15	1.227606013417240E-01	8.772393986582760E-01
293.15	1.218106821179380E-01	8.781893178820620E-01
293.15	1.208608373999590E-01	8.791391626000410E-01
293.15	1.199109181761740E-01	8.800890818238260E-01
293.15	1.189609989523880E-01	8.810390010476120E-01
293.15	1.180110797286030E-01	8.819889202713970E-01
293.15	1.170612275600430E-01	8.829387724399570E-01
293.15	1.161113083362570E-01	8.838886916637430E-01
293.15	1.151613891124720E-01	8.848386108875280E-01
293.15	1.142114698886870E-01	8.857885301113130E-01
293.15	1.132616251707070E-01	8.867383748292930E-01
293.15	1.123117059469220E-01	8.876882940530780E-01
293.15	1.113617867231360E-01	8.886382132768640E-01
293.15	1.104118674993510E-01	8.895881325006490E-01
293.15	1.094619482755660E-01	8.905380517244340E-01
293.15	1.085120961070060E-01	8.914879038929940E-01
293.15	1.075621768832200E-01	8.924378231167800E-01
293.15	1.066122576594350E-01	8.933877423405650E-01
293.15	1.056623384356490E-01	8.943376615643510E-01
293.15	1.047124937176700E-01	8.952875062823300E-01
293.15	1.037625744938850E-01	8.962374255061140E-01
293.15	1.028126552700990E-01	8.971873447299010E-01
293.15	1.020721644163130E-01	8.979278355836870E-01
293.15	1.013915240764610E-01	8.986084759235390E-01
293.15	1.007109358906740E-01	8.992890641093260E-01
293.15	1.000302955508230E-01	8.999697044491770E-01
293.15	9.934965521097180E-02	9.006503447890280E-01
293.15	9.866901487112040E-02	9.013309851288790E-01
293.15	9.798842668533320E-02	9.020115733146660E-01
293.15	9.730778634548180E-02	9.026922136545180E-01
293.15	9.662714600563040E-02	9.033728539943700E-01
293.15	9.594650566577910E-02	9.040534943342200E-01
293.15	9.526591747999190E-02	9.047340825200080E-01
293.15	9.458527714014050E-02	9.054147228598590E-01
293.15	9.390463680028910E-02	9.060953631997100E-01
293.15	9.322399646043770E-02	9.067760035395620E-01
293.15	9.254335612058630E-02	9.074566438794140E-01
293.15	9.186276793479910E-02	9.081372320652010E-01
293.15	9.118212759494780E-02	9.088178724050520E-01
293.15	9.050148725509640E-02	9.094985127449030E-01
293.15	8.982084691524500E-02	9.101791530847540E-01
293.15	8.914025872945780E-02	9.108597412705420E-01
293.15	8.845961838960640E-02	9.115403816103940E-01
293.15	8.777897804975500E-02	9.122210219502450E-01
293.15	8.709833770990370E-02	9.129016622900960E-01
293.15	8.641769737005230E-02	9.135823026299470E-01
293.15	8.573710918426510E-02	9.142628908157340E-01
293.15	8.505646884441370E-02	9.149435311555860E-01
293.15	8.437582850456230E-02	9.156241714954380E-01
293.15	8.369518816471090E-02	9.163048118352890E-01
293.15	8.301459997892370E-02	9.169854000210760E-01
293.15	8.233395963907240E-02	9.176660403609270E-01
293.15	8.165331929922100E-02	9.183466807007780E-01
293.15	8.097268640995020E-02	9.190273135900490E-01
293.15	8.029209077358240E-02	9.197079092264170E-01
293.15	7.961145043373100E-02	9.203885495662690E-01
293.15	7.893081009387960E-02	9.210691899061200E-01
293.15	7.825017720460890E-02	9.217498227953910E-01
293.15	7.756953686475750E-02	9.224304631352420E-01
293.15	7.688894122838970E-02	9.231110587716100E-01
293.15	7.620830833911890E-02	9.237916916608810E-01
293.15	7.552766799926750E-02	9.244723320007330E-01
293.15	7.484702765941610E-02	9.251529723405840E-01
293.15	7.416643202304840E-02	9.258335679769510E-01
293.15	7.348579913377760E-02	9.265142008662220E-01
293.15	7.280515879392620E-02	9.271948412060730E-01
293.15	7.212451845407480E-02	9.278754815459250E-01
293.15	7.144387811422340E-02	9.285561218857770E-01
293.15	7.076328992843620E-02	9.292367100715640E-01
293.15	7.008264958858480E-02	9.299173504114150E-01
293.15	6.940200924873350E-02	9.305979907512660E-01
293.15	6.872136890888210E-02	9.312786310911170E-01
293.15	6.804078072309490E-02	9.319592192769050E-01
293.15	6.736014038324350E-02	9.326398596167560E-01
293.15	6.667950004339210E-02	9.333204999566080E-01
293.15	6.599885970354080E-02	9.340011402964590E-01
293.15	6.531827151775360E-02	9.346817284822460E-01
293.15	6.468693166971200E-02	9.353130683302880E-01
293.15	6.422820687294000E-02	9.357717931270600E-01
293.15	6.376948207616800E-02	9.362305179238310E-01
293.15	6.331076472997660E-02	9.366892352700230E-01
293.15	6.285206973552700E-02	9.371479302644720E-01
293.15	6.239334866404530E-02	9.376066513359540E-01
293.15	6.193462386727330E-02	9.380653761327260E-01
293.15	6.147589907050130E-02	9.385241009294980E-01
293.15	6.101721152663230E-02	9.389827884733670E-01
293.15	6.055848672986030E-02	9.394415132701390E-01
293.15	6.009976193308830E-02	9.399002380669110E-01
293.15	5.964104086160650E-02	9.403589591383940E-01
293.15	5.918231606483450E-02	9.408176839351660E-01
293.15	5.872362479567520E-02	9.412763752043250E-01
293.15	5.826490372419350E-02	9.417350962758070E-01
293.15	5.780617892742150E-02	9.421938210725790E-01
293.15	5.734745413064950E-02	9.426525458693510E-01
293.15	5.688876658678050E-02	9.431112334132190E-01
293.15	5.643004179000850E-02	9.435699582099910E-01
293.15	5.597131699323650E-02	9.440286830067630E-01
293.15	5.551259592175480E-02	9.444874040782450E-01
293.15	5.505390465259550E-02	9.449460953474040E-01
293.15	5.459517985582350E-02	9.454048201441760E-01
293.15	5.413645878434180E-02	9.458635412156580E-01
293.15	5.367773398756980E-02	9.463222660124300E-01
293.15	5.321900919079780E-02	9.467809908092020E-01
293.15	5.276032164692870E-02	9.472396783530710E-01
293.15	5.230159685015670E-02	9.476984031498430E-01
293.15	5.184287205338470E-02	9.481571279466150E-01
293.15	5.138414725661270E-02	9.486158527433870E-01
293.15	5.092545971274370E-02	9.490745402872560E-01
293.15	5.046673491597170E-02	9.495332650840280E-01
293.15	5.000801011919970E-02	9.499919898808000E-01
293.15	4.954928904771800E-02	9.504507109522810E-01
293.15	4.909056425094600E-02	9.509094357490530E-01
293.15	4.863187670707700E-02	9.513681232929220E-01
293.15	4.817315191030500E-02	9.518268480896940E-01
293.15	4.771442711353300E-02	9.522855728864660E-01
293.15	4.725570231676100E-02	9.527442976832380E-01
293.15	4.679701477289190E-02	9.532029852271080E-01
293.15	4.633828997611990E-02	9.536617100238800E-01
293.15	4.587956517934790E-02	9.541204348206520E-01
293.15	4.542084410786620E-02	9.545791558921340E-01
293.15	4.496215283870690E-02	9.550378471612930E-01
293.15	4.450342804193490E-02	9.554965719580650E-01
293.15	4.404470697045320E-02	9.559552930295470E-01
293.15	4.358598217368120E-02	9.564140178263190E-01
293.15	4.312725737690920E-02	9.568727426230900E-01
293.15	4.266856983304020E-02	9.573314301669590E-01
293.15	4.220984503626820E-02	9.577901549637310E-01
293.15	4.175112023949620E-02	9.582488797605030E-01
293.15	4.129239916801450E-02	9.587076008319850E-01
293.15	4.083370789885520E-02	9.591662921011440E-01
293.15	4.037498310208320E-02	9.596250168979160E-01
293.15	3.991626203060150E-02	9.600837379693980E-01
293.15	3.945753723382940E-02	9.605424627661710E-01
293.15	3.911435976624480E-02	9.608856402337550E-01
293.15	3.882897645235060E-02	9.611710235476490E-01
293.15	3.854357451200480E-02	9.614564254879950E-01
293.15	3.825817257165900E-02	9.617418274283410E-01
293.15	3.797276690602300E-02	9.620272330939760E-01
293.15	3.768738359212870E-02	9.623126164078710E-01
293.15	3.740198165178290E-02	9.625980183482170E-01
293.15	3.711657971143720E-02	9.628834202885620E-01
293.15	3.683117404580110E-02	9.631688259541990E-01
293.15	3.654579445719710E-02	9.634542055428030E-01
293.15	3.626038879156110E-02	9.637396112084380E-01
293.15	3.597498685121530E-02	9.640250131487850E-01
293.15	3.568958118557920E-02	9.643104188144210E-01
293.15	3.540417924523350E-02	9.645958207547660E-01
293.15	3.511879593133920E-02	9.648812040686610E-01
293.15	3.483339399099340E-02	9.651666060090070E-01
293.15	3.454798832535740E-02	9.654520116746420E-01
293.15	3.426258638501160E-02	9.657374136149880E-01
293.15	3.397720307111740E-02	9.660227969288820E-01
293.15	3.369180113077160E-02	9.663081988692280E-01
293.15	3.340639546513550E-02	9.665936045348650E-01
293.15	3.312099352478980E-02	9.668790064752100E-01
293.15	3.283559158444400E-02	9.671644084155550E-01
293.15	3.255020827054970E-02	9.674497917294500E-01
293.15	3.226480633020400E-02	9.677351936697950E-01
293.15	3.197940066456790E-02	9.680205993354320E-01
293.15	3.169399872422210E-02	9.683060012757780E-01
293.15	3.140861541032790E-02	9.685913845896720E-01
293.15	3.112321160733690E-02	9.688767883926630E-01
293.15	3.083780780434600E-02	9.691621921956540E-01
293.15	3.055240586400030E-02	9.694475941359990E-01
293.15	3.026702255010600E-02	9.697329774498930E-01
293.15	2.998161874711510E-02	9.700183812528840E-01
293.15	2.969621680676930E-02	9.703037831932310E-01
293.15	2.941081300377840E-02	9.705891869962220E-01
293.15	2.912540920078750E-02	9.708745907992120E-01
293.15	2.884002774953840E-02	9.711599722504610E-01
293.15	2.855462394654750E-02	9.714453760534520E-01
293.15	2.826922014355650E-02	9.717307798564440E-01
293.15	2.798381634056560E-02	9.720161836594340E-01
293.15	2.769843488931650E-02	9.723015651106840E-01
293.15	2.741303108632560E-02	9.725869689136740E-01
293.15	2.712762728333470E-02	9.728723727166650E-01
293.15	2.684222348034380E-02	9.731577765196560E-01
293.15	2.655682153999800E-02	9.734431784600010E-01
293.15	2.627143822610370E-02	9.737285617738960E-01
293.15	2.598603442311280E-02	9.740139655768870E-01
293.15	2.570063062012190E-02	9.742993693798780E-01
293.15	2.541522867977610E-02	9.745847713202240E-01
293.15	2.512984536588190E-02	9.748701546341180E-01
293.15	2.484444156289100E-02	9.751555584371080E-01
293.15	2.455903962254520E-02	9.754409603774540E-01
293.15	2.427363581955430E-02	9.757263641804450E-01
293.15	2.398825250566000E-02	9.760117474943390E-01
293.15	2.370285056531420E-02	9.762971494346860E-01
293.15	2.343214675784110E-02	9.765678532421580E-01
293.15	2.327907085418700E-02	9.767209291458120E-01
293.15	2.312599681317800E-02	9.768740031868220E-01
293.15	2.297293394804000E-02	9.770270660519590E-01
293.15	2.281985990703100E-02	9.771801400929690E-01
293.15	2.266678400337690E-02	9.773332159966230E-01
293.15	2.251370996236800E-02	9.774862900376310E-01
293.15	2.236064709722990E-02	9.776393529027700E-01
293.15	2.220757119357580E-02	9.777924288064240E-01
293.15	2.205449715256690E-02	9.779455028474330E-01
293.15	2.190142311155790E-02	9.780985768884420E-01
293.15	2.174834720790380E-02	9.782516527920960E-01
293.15	2.159528434276580E-02	9.784047156572340E-01
293.15	2.144221030175680E-02	9.785577896982430E-01
293.15	2.128913626074790E-02	9.787108637392520E-01
293.15	2.113606035709380E-02	9.788639396429060E-01
293.15	2.098299749195570E-02	9.790170025080440E-01
293.15	2.082992345094680E-02	9.791700765490530E-01
293.15	2.067684754729270E-02	9.793231524527070E-01
293.15	2.052377350628370E-02	9.794762264937160E-01
293.15	2.037071064114570E-02	9.796292893588540E-01
293.15	2.021763660013670E-02	9.797823633998630E-01
293.15	2.006456069648260E-02	9.799354393035170E-01
293.15	1.991148665547370E-02	9.800885133445260E-01
293.15	1.975841261446470E-02	9.802415873855350E-01
293.15	1.960534788668150E-02	9.803946521133180E-01
293.15	1.945227384567260E-02	9.805477261543270E-01
293.15	1.929919980466360E-02	9.807008001953360E-01
293.15	1.914612390100950E-02	9.808538760989910E-01
293.15	1.899306103587150E-02	9.810069389641280E-01
293.15	1.883998699486250E-02	9.811600130051370E-01
293.15	1.868691295385360E-02	9.813130870461460E-01
293.15	1.853383705019950E-02	9.814661629498000E-01
293.15	1.838076300919050E-02	9.816192369908100E-01
293.15	1.822770014405250E-02	9.817722998559470E-01
293.15	1.807462424039840E-02	9.819253757596010E-01
293.15	1.792155019938940E-02	9.820784498006110E-01
293.15	1.776847615838050E-02	9.822315238416190E-01
293.15	1.761541329324240E-02	9.823845867067570E-01
293.15	1.746233738958830E-02	9.825376626104110E-01
293.15	1.730926334857940E-02	9.826907366514200E-01
293.15	1.715618930757040E-02	9.828438106924300E-01
293.15	1.700312457978720E-02	9.829968754202120E-01
293.15	1.685005053877830E-02	9.831499494612210E-01
293.15	1.669697649776930E-02	9.833030235022300E-01
293.15	1.654390059411520E-02	9.834560994058850E-01
293.15	1.639082655310630E-02	9.836091734468930E-01
293.15	1.623776368796820E-02	9.837622363120310E-01
293.15	1.608468964695930E-02	9.839153103530400E-01
293.15	1.593161374330520E-02	9.840683862566940E-01
293.15	1.577853970229620E-02	9.842214602977030E-01
293.15	1.562547683715820E-02	9.843745231628410E-01
293.15	1.547240186482660E-02	9.845275981351730E-01
293.15	1.531932689249510E-02	9.846806731075040E-01
293.15	1.516625285148620E-02	9.848337471485130E-01
293.15	1.501317787915460E-02	9.849868221208450E-01
293.15	1.491854432970280E-02	9.850814556702970E-01
293.15	1.487065199762580E-02	9.851293480023740E-01
293.15	1.482275966554880E-02	9.851772403344510E-01
293.15	1.477486733347170E-02	9.852251326665280E-01
293.15	1.472697872668500E-02	9.852730212733140E-01
293.15	1.467908639460800E-02	9.853209136053910E-01
293.15	1.463119406253090E-02	9.853688059374690E-01
293.15	1.458330173045390E-02	9.854166982695460E-01
293.15	1.453541312366720E-02	9.854645868763320E-01
293.15	1.448752172291270E-02	9.855124782770870E-01
293.15	1.443962939083570E-02	9.855603706091640E-01
293.15	1.439173705875870E-02	9.856082629412410E-01
293.15	1.434384472668170E-02	9.856561552733180E-01
293.15	1.429595611989490E-02	9.857040438801050E-01
293.15	1.424806378781790E-02	9.857519362121820E-01
293.15	1.420017145574090E-02	9.857998285442590E-01
293.15	1.415227912366390E-02	9.858477208763360E-01
293.15	1.410439051687710E-02	9.858956094831230E-01
293.15	1.405649818480010E-02	9.859435018151990E-01
293.15	1.400860678404560E-02	9.859913932159540E-01
293.15	1.396071445196860E-02	9.860392855480310E-01
293.15	1.391282211989160E-02	9.860871778801080E-01
293.15	1.386493351310490E-02	9.861350664868950E-01
293.15	1.381704118102780E-02	9.861829588189720E-01
293.15	1.376914884895080E-02	9.862308511510490E-01
293.15	1.372125651687380E-02	9.862787434831260E-01
293.15	1.367336791008710E-02	9.863266320899120E-01
293.15	1.362547557801000E-02	9.863745244219900E-01
293.15	1.357758324593300E-02	9.864224167540660E-01
293.15	1.352969184517860E-02	9.864703081548210E-01
293.15	1.348180323839180E-02	9.865181967616080E-01
293.15	1.343391090631480E-02	9.865660890936850E-01
293.15	1.338601857423780E-02	9.866139814257620E-01
293.15	1.333812624216070E-02	9.866618737578390E-01
293.15	1.329023391008370E-02	9.867097660899160E-01
293.15	1.324234530329700E-02	9.867576546967020E-01
293.15	1.319445297122000E-02	9.868055470287790E-01
293.15	1.314656063914290E-02	9.868534393608570E-01
293.15	1.309866830706590E-02	9.869013316929340E-01
293.15	1.305077970027920E-02	9.869492202997200E-01
293.15	1.300288829952470E-02	9.869971117004750E-01
293.15	1.295499596744770E-02	9.870450040325520E-01
293.15	1.290710363537070E-02	9.870928963646290E-01
293.15	1.285921130329370E-02	9.871407886967060E-01
293.15	1.281132269650690E-02	9.871886773034930E-01
293.15	1.276343036442990E-02	9.872365696355700E-01
293.15	1.271553803235290E-02	9.872844619676470E-01
293.15	1.266764570027580E-02	9.873323542997240E-01
293.15	1.261975709348910E-02	9.873802429065110E-01
293.15	1.257186476141210E-02	9.874281352385870E-01
293.15	1.252397336065760E-02	9.874760266393420E-01
293.15	1.247608102858060E-02	9.875239189714190E-01
293.15	1.242819242179390E-02	9.875718075782060E-01
293.15	1.238030008971690E-02	9.876196999102830E-01
293.15	1.233240775763980E-02	9.876675922423600E-01
293.15	1.228451542556280E-02	9.877154845744370E-01